Something weird going on, there were 2 sets of data for 1921. These are the ones I (randomly) censored 


    1921        0             38677.00        39740.00        78417.00
    1921        1             32716.00        33470.00        66186.00
    1921        2             33113.00        34019.00        67132.00
    1921        3             32212.00        32636.00        64848.00
    1921        4             32513.00        33074.00        65587.00
    1921        5             31414.00        32000.00        63414.00
    1921        6             34116.00        34465.00        68581.00
    1921        7             33851.00        34143.00        67994.00
    1921        8             34429.00        35097.00        69526.00
    1921        9             33696.00        34125.00        67821.00
    1921       10             34619.00        34944.00        69563.00
    1921       11             34214.00        35023.00        69237.00
    1921       12             33668.00        33690.00        67358.00
    1921       13             32822.00        33353.00        66175.00
    1921       14             32877.00        33299.00        66176.00
    1921       15             31913.00        32354.00        64267.00
    1921       16             31904.00        32087.00        63991.00
    1921       17             30875.00        31540.00        62415.00
    1921       18             31591.00        31063.00        62654.00
    1921       19             29998.00        29194.00        59192.00
    1921       20             31331.00        29847.00        61178.00
    1921       21             29455.00        27280.00        56735.00
    1921       22             30048.00        27475.00        57523.00
    1921       23             28097.00        26385.00        54482.00
    1921       24             29120.00        26366.00        55486.00
    1921       25             27891.00        25469.00        53360.00
    1921       26             26715.00        24342.00        51057.00
    1921       27             25946.00        23548.00        49494.00
    1921       28             25422.00        23045.00        48467.00
    1921       29             24583.00        22465.00        47048.00
    1921       30             24872.00        22900.00        47772.00
    1921       31             23826.00        21669.00        45495.00
    1921       32             24307.00        22060.00        46367.00
    1921       33             23556.00        21586.00        45142.00
    1921       34             22763.00        20898.00        43661.00
    1921       35             23265.00        21529.00        44794.00
    1921       36             23516.00        21448.00        44964.00
    1921       37             21242.00        19953.00        41195.00
    1921       38             21552.00        19792.00        41344.00
    1921       39             20197.00        19169.00        39366.00
    1921       40             20994.00        19464.00        40458.00
    1921       41             19977.00        18601.00        38578.00
    1921       42             19830.00        18675.00        38505.00
    1921       43             18960.00        18298.00        37258.00
    1921       44             19643.00        18591.00        38234.00
    1921       45             18573.00        17531.00        36104.00
    1921       46             17213.00        16253.00        33466.00
    1921       47             16448.00        15849.00        32297.00
    1921       48             17325.00        15936.00        33261.00
    1921       49             14859.00        14599.00        29458.00
    1921       50             16181.00        14994.00        31175.00
    1921       51             15446.00        13713.00        29159.00
    1921       52             15051.00        13586.00        28637.00
    1921       53             14331.00        12937.00        27268.00
    1921       54             14411.00        13312.00        27723.00
    1921       55             13777.00        12352.00        26129.00
    1921       56             13497.00        11575.00        25072.00
    1921       57             12946.00        11550.00        24496.00
    1921       58             12230.00        10890.00        23120.00
    1921       59             11988.00        10898.00        22886.00
    1921       60             13028.00        11330.00        24358.00
    1921       61             12456.00        10948.00        23404.00
    1921       62             12272.00        10420.00        22692.00
    1921       63             11334.00         9935.00        21269.00
    1921       64             11172.00         9474.00        20646.00
    1921       65             10191.00         8929.00        19120.00
    1921       66             10216.00         9073.00        19289.00
    1921       67              9329.00         8040.00        17369.00
    1921       68              9052.00         7673.00        16725.00
    1921       69              7820.00         6736.00        14556.00
    1921       70              8410.00         7278.00        15688.00
    1921       71              7174.00         6068.00        13242.00
    1921       72              7444.00         6081.00        13525.00
    1921       73              6192.00         5199.00        11391.00
    1921       74              5688.00         4683.00        10371.00
    1921       75              5301.00         4539.00         9840.00
    1921       76              5124.00         4165.00         9289.00
    1921       77              4583.00         3805.00         8388.00
    1921       78              4073.00         3329.00         7402.00
    1921       79              3376.00         2899.00         6275.00
    1921       80              3259.20         2576.81         5836.01
    1921       81              2684.68         2090.76         4775.44
    1921       82              2343.14         1819.66         4162.80
    1921       83              2023.66         1522.99         3546.65
    1921       84              1692.79         1262.11         2954.90
    1921       85              1496.01         1004.32         2500.33
    1921       86              1139.77          830.07         1969.84
    1921       87               849.73          660.76         1510.49
    1921       88               583.29          391.35          974.64
    1921       89               458.63          280.32          738.95
    1921       90               357.20          189.77          546.97
    1921       91               225.20          146.34          371.54
    1921       92               169.26          116.18          285.44
    1921       93               151.87           69.20          221.07
    1921       94                94.71           45.77          140.48
    1921       95                54.54           27.48           82.02
    1921       96                34.77           17.38           52.15
    1921       97                18.01            6.53           24.54
    1921       98                 7.88            5.09           12.97
    1921       99                 5.79            1.60            7.39
    1921      100                 1.46            1.73            3.19
    1921      101                 0.64            1.10            1.74
    1921      102                 0.00            0.00            0.00
    1921      103                 0.00            0.00            0.00
    1921      104                 0.00            0.00            0.00
    1921      105                 0.00            0.00            0.00
    1921      106                 0.00            0.00            0.00
    1921      107                 0.00            0.00            0.00
    1921      108                 0.00            0.00            0.00
    1921      109                 0.00            0.00            0.00
    1921      110                0.00            0.00            0.00